#version: raw-byte-bpe
65 20
20 74
68 65 20
64 20
69 6e
65 72
20 61
20 74 68 65 20
73 20
2c 20
74 20
6f 6e
68 61
6f 72
65 61
65 6e
6f 75
69 74
0a 0a
65 64 20
6f 20
79 20
61 6e
20 61 6e
69 6e 67
6c 6c
68 65 72
6f 66
6f 6d
2e 20
73 74
69 63
2e 0a 0a
20 61 6e 64 20
72 65
20 73
61 74
65 64
68 69
69 64
61 72
65 61 72
61 63
6c 65 20
66 6f 72
6c 65
6f 77
61 6c
20 74 68
74 65 72
20 77
62 65
6f 6c
20 69 6e
69 6f 6e
42 65 61 72
20 63
67 68
20 74 68 61
65 73
69 74 74
20 74 6f 20
20 62
73 61
e2 80
69 72
6f 74
65 6c
77 61
20 6d
75 72
75 6d
20 74 6f
72 65 61
20 70
61 6c 6c
76 65 20
20 74 68 61 74 20
72 69
75 73
20 74 68 65
67 65 20
73 65
6f 70
6c 69
6f 66 20
20 61 20
61 63 6b
77 68
69 6e 67 20
65 76
70 75
65 20 74
73 68 65 20
54 68 65 20
6f 6f
6c 69 74 74
68 69 73 20
6f 66 20 74 68 65 20
75 70
61 20
6f 6c 64 20
74 20 74 68 65 20
20 73 68 65 20
65 73 20
63 68
2c 20 61 6e 64 20
69 6c 6c
6f 75 6e
65 74
6c 69 74 74 6c 65 20
41 6e
72 6f
74 2c 20
68 61 64 20
61 74 69 6f 6e
6f 77 6e
20 61 6e 64
66 6f 72 20
63 74
73 20 61
2c 0a
7a 75
73 2c 20
63 68 61
6f 75 72
73 70
69 6e 20
69 6c
75 6e
6f 6d 70 75
6c 65 2c 20
61 6d
6c 64 20
61 62
65 6e 74
67 72
6f 6e 20
68 61 73 20
65 6e 20
68 65 72 20
4a 61 63 6b
67 69
6f 6d 70 75 74 65 72
65 20 42 65 61 72
69 64 64
6f 74 20
70 6f 72
6f 6d 61 6e
69 6e 20 74 68 65 20
20 69 6e 20
56 65 6e
56 65 6e 65
56 65 6e 65 7a 75
56 65 6e 65 7a 75 65 6c
61 73
64 69
76 65 72
20 74 68 65 20 62
65 2e 0a 0a
61 6c 6c 2c 20
6f 6c 64 20 57
6f 6c 64 20 57 6f 6d 61 6e
27 73 20
e2 80 99
68 61 64
69 6d
6d 61 6c 6c 2c 20
72 65 61 74 2c 20
69 74 20
65 70
69 6e 74
77 61 73 20
77 69 6e
62 6f
65 6c 6c
6f 75 67 68
79 6f 75
64 65 72
75 6c
65 6d
4d 61 63
4d 61 63 68 61 64
61 6c 20
72 69 64
69 64 64 6c 65 20
64 61
6f 75 74
6f 75 6c 64 20
75 74 20
65 2c 20
6c 61
69 74 68
54 68
2c 20 61 6e 64
2e 20 41 6e
20 74 68 65 79 20
2c 20 61
61 6e 64 20
69 64 20
2c 20 74
67 61
72 65 73
20 20
57 65
69 7a
6f 74 68 65 72
66 6f 72 20 74 68 65 20
6f 6d 65
65 72 20
75 6d 70
62 65 20
73 61 69 64
6f 69 63
69 73
63 65 20
56 65 6e 65 7a 75 65 6c 61
77 65 72
4c 69 74 74
4c 69 74 74 6c 65 2c 20
4c 69 74 74 6c 65 2c 20 53
4c 69 74 74 6c 65 2c 20 53 6d 61 6c 6c 2c 20
4c 69 74 74 6c 65 2c 20 53 6d 61 6c 6c 2c 20 57 65
4c 69 74 74 6c 65 2c 20 53 6d 61 6c 6c 2c 20 57 65 65 20 42 65 61 72
47 72 65 61 74 2c 20
47 72 65 61 74 2c 20 48
47 72 65 61 74 2c 20 48 75
47 72 65 61 74 2c 20 48 75 67 65 20
47 72 65 61 74 2c 20 48 75 67 65 20 42 65 61 72
6d 61
6e 6f 74 20
6c 69 74 74 6c 65 20 6f 6c 64 20 57 6f 6d 61 6e
62 65 65 6e
68 61 72
65 6e 74 20
67 68 74
64 6f 77 6e
76 6f 69 63
65 61 6e
54 72
67 69 61 6e
77 65 72 65 20
3b 20 61 6e 64 20
4d 69 64 64 6c 65 20
4d 69 64 64 6c 65 20 42 65 61 72
70 6f 72 72 69 64
6b 65 64 20
20 74 6f 6f 20
6c 65 61
77 6f 72
64 20 74 68 65 20
64 69 6e 67
2c 20 74 68 65 20
77 65
72 61
65 63
6b 65 20
6c 6f
63 6f 6e
6c 79 20
e2 80 9c
e2 80 9d
64 65 76
20 63 6f 6d 70 75 74 65 72
20 74 68 65 69 72
77 61 73
67 65
63 68 61 69 72
61 73 74
6f 6f 64 20
74 68
73 74 20
62 6f 64
20 74 6f 20 74 68 65 20
61 74 65 20
65 6e 20 74 68 65 20
20 69 6e 20 74 68 65 20
69 63 68
75 74
20 66
72 6f 6d
72 61 6e
20 62 65 20
68 61 74 20
54 72 75 6d 70
65 6c 65
6e 75 6d
77 68 6f 20
6f 6e 65 20
65 20 74 68 65 20
6f 75 74 20
65 6e 20 73 68 65 20
62 6f 64 79 20
2e 20 54 68 65 20
20 77 61
65 76 65 72
77 6f 75 6c 64 20
66 6f 72 20 68 65 72
6c 6c 20
6d 62
66 20
68 69 6d
6f 73
69 73 20
2e 0a
3a 20
77 69 6e 6b
3d 20
64 65 76 69 63
68 65 72 65 20
4f 6e
20 68 61 64 20
20 74 68 61 74
20 61 74 20 74 68 65 20
6f 6e 20 74 68 65 20
73 6f 20
20 73 61
20 6f 66 20 74 68 65 20
65 78
69 66
65 73 73
73 20 70
62 6c
e2 80 99 73 20
20 49
57 68
65 77
4d 61 63 68 61 64 6f
69 7a 65 64 20
61 6c 6b
68 61 76 65 20
65 64 20 74 68 65 20
72 6f 75 67 68
6d 61 6e
62 75 74 20
20 61 6e 20
27 53
27 53 6f 6d 65
27 53 6f 6d 65 62 6f 64 79 20
27 53 6f 6d 65 62 6f 64 79 20 68 61 73 20
21 27
21 27 0a 0a
21 27 0a 0a 73 61 69 64
21 27 0a 0a 73 61 69 64 20 74 68 65 20
20 6d 79 20
77 68 69 63 68
61 62 6c 65 20
2c 20 4a 61 63 6b
61 72 6b
72 69 7a
21 e2 80 9d
2c 20 66
74 65 72 20
67 61 69 6e
69 63 6b
61 64
61 6e 6b
6f 69 6c
2e 0a 0a 54 68 65 20
75 67 68
70 72
69 6e 74 28
20 74 69 6d
6f 6f 64
73 6f
2e 20 53
73 65 6c
73 61 69 64 20
68 69 67 68
20 61 73
20 61 74 20
2c 20 69 6e 20
2c 20 69 6e 20 68 69 73 20
76 6f 69 63 65 2e 0a 0a
71 75
73 68
75 67
77 61 79
75 73 74
6d 20
63 6f 75 6e
72 65 74
69 6e 74 65 72
72 6f 75 6e
72 65 20
65 6f 70
4e 65 77
4e 6f
4e 6f 62 65
4e 6f 62 65 6c
70 6f 73
69 74 69 6f 6e
4d 61 63 68 61 64 6f 20
3a 20 22
2e 22
53 20
64 65 76 69 63 65 73 20
75 70 6f 6e
72 65 65 20 42 65 61 72
6f 75 73
2e 20 41 6e 64
65 64 20 74 6f 20
70 6f 72 72 69 64 67 65 20
75 72 6e
2e 20 41 6e 64 20
20 77 61 73 20
73 65 64 20
73 20 74 68 65 20
2c 20 61 6e 64 20 74 68 61 74 20
61 75
74 65 64 20
20 77 68
6c 79
6c 69 74 74 6c 65 20 6f 6c 64 20 57 6f 6d 61 6e 20 68 61 64 20
6d 79 20
66 72 6f 6d
69 6e 67 20 69 6e
6c 61 63
62 65 65 6e 20
68 65 61 72
20 61 73 20
73 74 61 72
65 20 6f 66 20
64 65 64 20
20 74 68 65 20 62 65 61 6e
59 6f 75
6f 75 72 20
79 2e 0a 0a
73 74 61 6c 6b
63 6c
73 69
67 69 61 6e 74 20
2c 0a 49
77 61 72
6f 6e 67
70 65 61
74 73 20
77 69 6c 6c
53 2e 20
20 50
2c 22
73 20 61 6e 64 20
64 61 75 67 68
65 22
65 6c 65 63 74
65 6e 63
72 6f 63
43 42
6f 70 65 72
6c 69 76
20 74 68 65 6d
65 79 20
6c 65 65 70
64 61 79
66 61 73 74
6f 20 74 68 65 20
74 68 65 20
63 6f
69 67 68
62 65 67
6f 75 73 65
6f 6e 65 73
3b 20
6c 6f 6f
64 6f 77
20 74 68 65 6e 20 73 68 65 20
6c 61 74
64 6f
65 64 2c 20
70 65 72
62 72 65 61
76 65 72 79 20
42 75 74 20
20 61 62
77 61 73 20 74 6f 6f 20
6e 65
64 2c 20
75 73 74 20
75 74 20 74 68 65 20
65 20 74 6f 20
27 53 6f 6d 65 62 6f 64 79 20 68 61 73 20 62 65 65 6e
69 6e 67 20 69 6e 20 6d 79 20
20 74 68 65 20 73
6b 6e
43 6f 72
6e 6f 74
69 6e 67 20 6d
73 6f 6e
63 68 61 6e
69 6e 67 20 74 68 65 20
20 68 61
6f 6d 65 20
77 69 74 68
66 75 6c
63 68 65 64 20
20 77 69 74 68
6f 6e 64 65 72
77 69 66
67 61 76 65 20
63 72
72 65 74 75 72 6e
62 65 74
65 20 63
20 74 77
70 70
20 74 61 6e 6b
61 73 74 20
55 2e
4d 61 72
65 6d 62
32 30
72 65 73 69 64
61 6e 20
61 74 69 6f 6e 73 20
69 6f 6e 73 20
20 70 65 6f 70
20 74 6f 20 61
63 63
65 73 73 61
6f 70 70 6f 73
6f 70 70 6f 73 69 74 69 6f 6e
53 6f
53 6f 73 61
2e 22 0a 0a
20 74 72 61
20 74 6f 20 62 65 20
61 6c 6c 79 20
74 72
72 6f 63 65 73 73
77 69 6e 6b 6c 65
0a 20 20
6d 79
6d 79 5f
6d 69 63
54 68 72 65 65 20 42 65 61 72
65 74 68 65 72
65 20 6f 66
62 65 64 20
2d 70
68 6f 75 73 65
66 69 72
66 69 72 73 74 20
77 69 6e 64 6f 77
65 65 70
65 64 20 69 6e
63 61
67 6f 6f 64 20
77 68 65 6e 20 73 68 65 20
65 6e 2c 20
65 64 20 61 6e 64 20
61 64 20
2c 20 61 6e 64 20 74 68 61 74 20 77 61 73 20 74 6f 6f 20
2e 20 41 6e 64 20 74 68 65 6e 20 73 68 65 20
6f 66 20 74 68 65 20 4d 69 64 64 6c 65 20 42 65 61 72
6a 75 73 74 20
20 73 61 69 64 20
6f 75 74 20 74 68 65 20
70 6f 72 72 69 64 67 65
54 68 65 6e 20 74 68 65 20
66 6f
20 74 68 6f 75 67 68
77 6f 75 6c 64 20 62 65 20
6c 65 66
73 70 6f
2c 20 67 72
68 69 73 20 6d
41 6e 64 20
79 6f 75 20
6d 61 6b 65 20
69 74 73 20 70
73 74 65 72
6e 6f 20
76 6f 69 63 65 20
6d 6f 72
69 6e 64 20
73 69 64
6f 72 20
79 20 74 68 65 20
6f 75 73 20
6f 66 66
6f 76 65 72
6f 79
20 6f 66 20
69 67 68 74
20 77 6f 6e 64 65 72
6c 69 6d 62
75 6e 74
75 6e 74 69 6c
73 6b
49 6e
67 69 61 6e 74
20 64
68 69 6e
6c 6c 6f 77
0a 0a e2 80 9c
68 65 20 64
44 6f 6e
66 75
69 74 79 20
20 61 67 61 69 6e
62 61 63 6b
6c 61 74 65 72
6c 6f 6e 67
20 62 79 20
75 64
73 2e 0a 0a
6f 74 68 65 72 20
20 63 6f 6e
20 77 69 6c 6c
61 72 72
55 2e 53 2e 20
64 75
64 75 63 74
2c 20 73
6f 75 72 63
69 6d 70
65 6e 73
65 73 74
2c 22 20
69 6e 67 2c 20
43 61 72
42 43
73 20 6f 66 20
20 74 77 6f 20
68 69 70
6c 64
73 74 6f 72
4e 6f 62 65 6c 20 50
4e 6f 62 65 6c 20 50 65 61
4e 6f 62 65 6c 20 50 65 61 63 65 20
4e 6f 62 65 6c 20 50 65 61 63 65 20 50
4e 6f 62 65 6c 20 50 65 61 63 65 20 50 72 69 7a
61 20 43 6f 72
61 20 43 6f 72 69 6e
61 20 43 6f 72 69 6e 61 20
79 65 61 72
68 65 72 20 6d
4f 73
63 65 72
22 2e 0a 0a
20 70 72
75 63 68
48 6f 77
6c 61 74 65 20
70 6f 72 74 65 72
65 64 69
20 77 68 61 74 20
4b 69 72
4b 69 72 6b
43 42 53 20
43 42 53 20 4e 65 77
2e 6d
54 77 69 6e 6b 6c 65
54 77 69 6e 6b 6c 65 2c 20 74
79 6f 75 20 61
79 6f 75 20 61 72 65
70 72 69 6e 74 28
73 75 6d
3a 0a 20 20
69 70
20 75 70 6f 6e
20 61 20 74 69 6d
20 74 68 65 69 72 20
2e 20 4f 6e
69 64 64 6c 65
69 64 64 6c 65 2d
69 64 64 6c 65 2d 73
69 64 64 6c 65 2d 73 69 7a 65 64 20
61 20 67
72 65 61 74 20
61 20 62
6b 66 61 73 74
69 6e 74 6f
77 68 69
77 68 69 6c 65 20
6e 69 6e 67
20 63 61 6d
6c 6f 6f 6b 65 64 20
65 79
2c 20 73 68 65 20
62 65 63 61
62 65 63 61 75 73
64 69 64 20
6e 65 76 65 72
63 74 65 64
77 65 6e 74 20
77 65 6c 6c
73 68 65 20 77 61 73 20
73 61 77
20 73 68 65 20 68 61 64 20
61 74 75 72
2e 20 42 75 74 20
68 65 72 73 65 6c
6f 66 20 74 68 65 20 47 72 65 61 74 2c 20 48 75 67 65 20 42 65 61 72
77 6f 72 64 20
77 6f 72 64 20 61 62
2c 20 74 6f
6e 6f 72
72 69 67 68 74
63 68 61 69 72 20 6f 66 20 74 68 65 20
73 74 61
65 64 2d
63 68 61 6d 62
63 68 61 6d 62 65 72
68 65 61
20 74 68 65 72
66 65 6c 6c
20 61 73 6c 65 65 70
20 74 68 69
2e 20 4e
2e 20 4e 6f 77
2e 20 4e 6f 77 20 74 68 65 20
73 74 61 6e
67 72 65 61 74 2c 20
67 72 65 61 74 2c 20 72 6f 75 67 68
67 72 65 61 74 2c 20 72 6f 75 67 68 2c 20 67 72
67 72 65 61 74 2c 20 72 6f 75 67 68 2c 20 67 72 75
67 72 65 61 74 2c 20 72 6f 75 67 68 2c 20 67 72 75 66
67 72 65 61 74 2c 20 72 6f 75 67 68 2c 20 67 72 75 66 66 20
2e 0a 0a 27 53 6f 6d 65 62 6f 64 79 20 68 61 73 20 62 65 65 6e
65 61 74
6c 69 74 74 6c 65 2c 20
6c 69 74 74 6c 65 2c 20 73
6c 69 74 74 6c 65 2c 20 73 6d 61 6c 6c 2c 20
6c 69 74 74 6c 65 2c 20 73 6d 61 6c 6c 2c 20 77 65
6c 69 74 74 6c 65 2c 20 73 6d 61 6c 6c 2c 20 77 65 65 20
55 70
69 6e 67 20 74 68 61 74 20
62 65 67 61 6e
63 75 73
62 6f 74
68 65 72 20 73
69 74 73 20 70 6c 61 63
68 69 73 20 62
68 61 72 70
65 2e 20
62 6c 65 64 20
6f 75 6e 64 20
61 6b
61 6e 74
6f 6e 6c 79 20
6d 6f 74 68 65 72
65 20 74 68
6d 6f 6e
75 72 69
65 64 20 68 69 6d
69 76 65 20
20 68
70 72 69 7a
6f 77 20
68 61 6e
20 61 20 66
e2 80 94
72 65 61 63 68 65 64 20
20 54
20 74 6f 20 63
72 61 6e 67 65 20
73 6b 79 2e 0a 0a
73 74 72
20 74 68 65 20 62 6c
42 65 20
66 74 65 72 20
6f 6c 64
20 74 68 65 20 62 65 61 6e 73 74 61 6c 6b
2e 20 48
6a 6f 79
70 69 74
62 65 66 6f 72
67 67
61 74 63 68
73 2e 20 54 68 65 20
69 6e 74 6f 20
20 41
41 73 20
73 65 69 7a 65 64 20
2e 20 57
77 69 6c 6c 20 62 65 20
63 61 6c 6c
66 66
69 63 74
61 72 72 79 20
75 61 72
74 69 6e
31 30
32 30 32
50 72 65 73 69 64
50 72 65 73 69 64 65 6e 74 20
64 69 73
62 65 74 77 65
69 74 65 64 20
65 72 69 63
6e 61 74 69 6f 6e
73 2e 20
61 73 20
6c 61 72
73 20 61 72 65 20
64 75 72
76 65 6c
63 61 6e
6f 69 6c 20
2e 20 50
6c 69 6e
6d 65 6e 74
73 75 72
69 67
20 6f 6e 20
56 65 6e 65 7a 75 65 6c 61 20 61 6e 64 20
4d 61 64
4d 61 64 75 72
4d 61 64 75 72 6f
64 61 75 67 68 74 65 72
42 42 43
4d 61 72 c3
4d 61 72 c3 ad
64 65
72 65 65 20
4f 73 6c 6f
63 65 72 65 6d
63 65 72 65 6d 6f 6e
6d 65 73 73 61
4e 6f 72
73 74 69 74
73 74 69 74 75 74
20 74 72 61 6e
74 6f 20
73 65 65 20
20 73 68
6f 6c 64 20 74 68 65 20
61 75 64 69
72 65 65 74
6f 66 20 61
65 64 20 62
76 69
64 61 72 6b
75 70 70 6f 72 74 65 72
61 2c 20
20 70 65 6f 70 6c 65 20
2e 0a 0a 4d 61 63 68 61 64 6f
72 69 6b
65 27 73 20
68 75 73
68 75 73 62
69 63 61 6c 20
77 68 69 63 68 20
20 70 2e 6d
54 77 69 6e 6b 6c 65 2c 20 74 77 69 6e 6b
54 77 69 6e 6b 6c 65 2c 20 74 77 69 6e 6b 6c 65 2c 20
54 77 69 6e 6b 6c 65 2c 20 74 77 69 6e 6b 6c 65 2c 20 6c 69 74 74 6c 65 20
54 77 69 6e 6b 6c 65 2c 20 74 77 69 6e 6b 6c 65 2c 20 6c 69 74 74 6c 65 20 73 74 61 72
48 6f 77 20 49
48 6f 77 20 49 20 77 6f 6e 64 65 72
48 6f 77 20 49 20 77 6f 6e 64 65 72 20 77 68 61 74 20
48 6f 77 20 49 20 77 6f 6e 64 65 72 20 77 68 61 74 20 79 6f 75 20 61 72 65
29 0a 0a
20 3d 20
0a 70 72 69 6e 74 28
7b 6e 75 6d
3a 0a 20 20 20
3a 0a 20 20 20 20 70 72
3a 0a 20 20 20 20 70 72 69 6e 74 28
6e 61 6d
43 6f 6d 70 75 74 65 72
65 6c 65 63 74 72
66 6f 72 6d
20 63 61 6c
20 63 61 6c 63
20 63 61 6c 63 75 6c
67 65 74 68 65 72
20 61 20 68
20 77 61 73
4c 69 74 74 6c 65 2c 20 53 6d 61 6c 6c 2c 20 57 65 65 20 42 65 61 72 3b 20 61 6e 64 20
2c 20 61 6e 64 20 74 68 65 20
2e 20 54 68
65 61 63 68
65 61 63 68 20 68 61 64 20
20 74 68 65 69 72 20 70
20 74 68 65 69 72 20 70 6f 72
20 74 68 65 69 72 20 70 6f 72 72 69 64
20 61 20 6c 69 74 74 6c 65 20
70 6f 74 20
70 6f 74 20 66 6f 72 20 74 68 65 20
61 20 6d
61 20 6d 69 64 64 6c 65 2d 73 69 7a 65 64 20
61 20 67 72 65 61 74 20
63 68 61 69 72 20
63 68 61 69 72 20 66 6f 72 20 74 68 65 20
62 65 64 20 66 6f 72 20 74 68 65 20
4f 6e 65 20
20 74 68 65 79 20 68 61 64 20
20 74 68 65 69 72 20 62
2d 70 6f 74
73 2c
69 67 68 74 20
77 65 72 65 20 77
65 20 74 6f 20 74 68 65 20
62 65 65 6e 20 61 20
67 6f 6f 64
66 69 72 73 74 20 73 68 65 20
73 65 65
64 6f 6f 72
42 65 61 72 73 20
65 63 74 65 64
6f 70 65 6e
65 64 20 74
63 61 6d
68 6f 6d 65
62 72 65 61 6b 66 61 73 74
20 61 62 6f 75 74 20
68 65 6c
70 69 6e 67 20
3b 20 61 6e 64 20 73 68 65 20
61 20 62 61 64 20
61 20 62 61 64 20 77 6f 72 64 20 61 62
6f 75 74 20 74 68 61 74
2c 20 74 6f 6f
6f 66 20 74 68 65 20 4c 69 74 74 6c 65 2c 20 53 6d 61 6c 6c 2c 20 57 65 65 20 42 65 61 72
2c 20 61 6e 64 20 74
77 61 73 20 6e 65
77 61 73 20 6e 65 69 74
77 61 73 20 6e 65 69 74 68 65 72
77 61 73 20 6e 65 69 74 68 65 72 20 74 6f 6f 20
62 75 74 20 6a 75 73 74 20
62 75 74 20 6a 75 73 74 20 72 69 67 68 74
20 74 68 61 74 20 73 68 65 20
69 74 20 61
6e 61 75
6e 61 75 67 68 74
6e 61 75 67 68 74 79 20
6e 61 75 67 68 74 79 20 6f 6c 64 20 57 6f 6d 61 6e
2e 0a 0a 54 68 65 6e 20 74 68 65 20
61 74 65 20 64 6f 77 6e
61 74 65 20 64 6f 77 6e 20 69 6e 20 74 68 65 20
61 74 65 20 64 6f 77 6e 20 69 6e 20 74 68 65 20 63 68 61 69 72 20 6f 66 20 74 68 65 20
66 6f 72 20 68 65 72 2e 20 41 6e 64 20 74 68 65 6e 20 73 68 65 20
20 69 6e 20 69 74
73 61 74
65 64 2d 63 68 61 6d 62 65 72
20 77 68 69 63 68
6c 61 79 20
6c 61 79 20 64 6f 77 6e
6c 61 79 20 64 6f 77 6e 20 75 70 6f 6e
6c 61 79 20 64 6f 77 6e 20 75 70 6f 6e 20 74 68 65 20 62
6c 61 79 20 64 6f 77 6e 20 75 70 6f 6e 20 74 68 65 20 62 65 64 20
68 69 67 68 20 61 74 20 74 68 65 20
68 65 61 64 20
66 6f 72 74
2e 20 4e 6f 77 20 74 68 65 20 6c 69 74 74 6c 65 20 6f 6c 64 20 57 6f 6d 61 6e 20 68 61 64 20
20 61 74 20 6d 79 20
20 61 74 20 6d 79 20 70 6f 72 72 69 64 67 65
21 27 0a 0a 73 61 69 64 20 74 68 65 20 47 72 65 61 74 2c 20 48 75 67 65 20 42 65 61 72
21 27 0a 0a 73 61 69 64 20 74 68 65 20 47 72 65 61 74 2c 20 48 75 67 65 20 42 65 61 72 2c 20 69 6e 20 68 69 73 20
21 27 0a 0a 73 61 69 64 20 74 68 65 20 47 72 65 61 74 2c 20 48 75 67 65 20 42 65 61 72 2c 20 69 6e 20 68 69 73 20 67 72 65 61 74 2c 20 72 6f 75 67 68 2c 20 67 72 75 66 66 20
20 6c 6f 6f 6b 65 64 20
20 74 68 61 74 20 74 68 65 20
6f 6e 73
21 27 0a 0a 73 61 69 64 20 74 68 65 20 4d 69 64 64 6c 65 20 42 65 61 72
69 64 64 6c 65 20 76 6f 69 63 65 2e 0a 0a
21 27 0a 0a 73 61 69 64 20 74 68 65 20 4c 69 74 74 6c 65 2c 20 53 6d 61 6c 6c 2c 20 57 65 65 20 42 65 61 72
21 27 0a 0a 73 61 69 64 20 74 68 65 20 4c 69 74 74 6c 65 2c 20 53 6d 61 6c 6c 2c 20 57 65 65 20 42 65 61 72 2c 20 69 6e 20 68 69 73 20
21 27 0a 0a 73 61 69 64 20 74 68 65 20 4c 69 74 74 6c 65 2c 20 53 6d 61 6c 6c 2c 20 57 65 65 20 42 65 61 72 2c 20 69 6e 20 68 69 73 20 6c 69 74 74 6c 65 2c 20 73 6d 61 6c 6c 2c 20 77 65 65 20
21 27 0a 0a 73 61 69 64 20 74 68 65 20 4c 69 74 74 6c 65 2c 20 53 6d 61 6c 6c 2c 20 57 65 65 20 42 65 61 72 2c 20 69 6e 20 68 69 73 20 6c 69 74 74 6c 65 2c 20 73 6d 61 6c 6c 2c 20 77 65 65 20 76 6f 69 63 65 2e 0a 0a
2e 0a 0a 27 53 6f 6d 65 62 6f 64 79 20 68 61 73 20 62 65 65 6e 20 73
2e 0a 0a 27 53 6f 6d 65 62 6f 64 79 20 68 61 73 20 62 65 65 6e 20 73 69 74 74
2e 0a 0a 27 53 6f 6d 65 62 6f 64 79 20 68 61 73 20 62 65 65 6e 20 73 69 74 74 69 6e 67 20 69 6e 20 6d 79 20
2e 0a 0a 27 53 6f 6d 65 62 6f 64 79 20 68 61 73 20 62 65 65 6e 20 73 69 74 74 69 6e 67 20 69 6e 20 6d 79 20 63 68 61 69 72
20 6f 75 74 20
20 6f 75 74 20 6f 66 20
75 72 74
70 69 6c 6c
70 69 6c 6c 6f 77
65 2e 0a 0a 27 53 6f 6d 65 62 6f 64 79 20 68 61 73 20
65 2e 0a 0a 27 53 6f 6d 65 62 6f 64 79 20 68 61 73 20 62 65 65 6e 20
65 2e 0a 0a 27 53 6f 6d 65 62 6f 64 79 20 68 61 73 20 62 65 65 6e 20 6c 79
65 2e 0a 0a 27 53 6f 6d 65 62 6f 64 79 20 68 61 73 20 62 65 65 6e 20 6c 79 69 6e 67 20 69 6e 20 6d 79 20
65 2e 0a 0a 27 53 6f 6d 65 62 6f 64 79 20 68 61 73 20 62 65 65 6e 20 6c 79 69 6e 67 20 69 6e 20 6d 79 20 62
20 74 68 65 20 62 6f 6c
2c 20 74 68 65 72 65 20
69 74 20 77 61 73 20
72 6f 61 72
75 6e 64 65 72
74 65 64
73 69 64 65 20
6c 69 6b 65 20
20 74 61 6b
69 6f 6e 20
65 64 20 61
68 65 72 2c 20
20 74 68 65 20 77 61 79
20 61 20 63
20 74 68 65 20 63
77 69 74 68 20
4a 61 63 6b e2 80 99 73 20
2e 20 e2 80 9c
20 66 6f
63 72 69
74 72 61
20 49 6e
2e 20 4a 61 63 6b
65 6e 20 61 6e 64 20
20 62 72 6f
6f 77 65 72
6c 69 6e 67
75 6e 74 69 6c 20
e2 80 9d 20
65 64 2c 20 e2 80 9c
67 61 76 65 20 68 69 6d
6a 75 73 74
20 74 68 72 6f 75 67 68
3a 0a 0a e2 80 9c
3a 0a 0a e2 80 9c 46
3a 0a 0a e2 80 9c 46 65
3a 0a 0a e2 80 9c 46 65 65 2c 20
3a 0a 0a e2 80 9c 46 65 65 2c 20 66
3a 0a 0a e2 80 9c 46 65 65 2c 20 66 69
3a 0a 0a e2 80 9c 46 65 65 2c 20 66 69 2c 20 66
3a 0a 0a e2 80 9c 46 65 65 2c 20 66 69 2c 20 66 6f
3a 0a 0a e2 80 9c 46 65 65 2c 20 66 69 2c 20 66 6f 2c 20 66
3a 0a 0a e2 80 9c 46 65 65 2c 20 66 69 2c 20 66 6f 2c 20 66 75 6d
3a 0a 0a e2 80 9c 46 65 65 2c 20 66 69 2c 20 66 6f 2c 20 66 75 6d 2c 0a 49
3a 0a 0a e2 80 9c 46 65 65 2c 20 66 69 2c 20 66 6f 2c 20 66 75 6d 2c 0a 49 20 73
3a 0a 0a e2 80 9c 46 65 65 2c 20 66 69 2c 20 66 6f 2c 20 66 75 6d 2c 0a 49 20 73 6d
3a 0a 0a e2 80 9c 46 65 65 2c 20 66 69 2c 20 66 6f 2c 20 66 75 6d 2c 0a 49 20 73 6d 65 6c 6c
3a 0a 0a e2 80 9c 46 65 65 2c 20 66 69 2c 20 66 6f 2c 20 66 75 6d 2c 0a 49 20 73 6d 65 6c 6c 20 74 68 65 20 62 6c
3a 0a 0a e2 80 9c 46 65 65 2c 20 66 69 2c 20 66 6f 2c 20 66 75 6d 2c 0a 49 20 73 6d 65 6c 6c 20 74 68 65 20 62 6c 6f 6f 64 20
3a 0a 0a e2 80 9c 46 65 65 2c 20 66 69 2c 20 66 6f 2c 20 66 75 6d 2c 0a 49 20 73 6d 65 6c 6c 20 74 68 65 20 62 6c 6f 6f 64 20 6f 66
3a 0a 0a e2 80 9c 46 65 65 2c 20 66 69 2c 20 66 6f 2c 20 66 75 6d 2c 0a 49 20 73 6d 65 6c 6c 20 74 68 65 20 62 6c 6f 6f 64 20 6f 66 20 61 6e 20
3a 0a 0a e2 80 9c 46 65 65 2c 20 66 69 2c 20 66 6f 2c 20 66 75 6d 2c 0a 49 20 73 6d 65 6c 6c 20 74 68 65 20 62 6c 6f 6f 64 20 6f 66 20 61 6e 20 45
3a 0a 0a e2 80 9c 46 65 65 2c 20 66 69 2c 20 66 6f 2c 20 66 75 6d 2c 0a 49 20 73 6d 65 6c 6c 20 74 68 65 20 62 6c 6f 6f 64 20 6f 66 20 61 6e 20 45 6e
3a 0a 0a e2 80 9c 46 65 65 2c 20 66 69 2c 20 66 6f 2c 20 66 75 6d 2c 0a 49 20 73 6d 65 6c 6c 20 74 68 65 20 62 6c 6f 6f 64 20 6f 66 20 61 6e 20 45 6e 67
3a 0a 0a e2 80 9c 46 65 65 2c 20 66 69 2c 20 66 6f 2c 20 66 75 6d 2c 0a 49 20 73 6d 65 6c 6c 20 74 68 65 20 62 6c 6f 6f 64 20 6f 66 20 61 6e 20 45 6e 67 6c 69
3a 0a 0a e2 80 9c 46 65 65 2c 20 66 69 2c 20 66 6f 2c 20 66 75 6d 2c 0a 49 20 73 6d 65 6c 6c 20 74 68 65 20 62 6c 6f 6f 64 20 6f 66 20 61 6e 20 45 6e 67 6c 69 73 68
3a 0a 0a e2 80 9c 46 65 65 2c 20 66 69 2c 20 66 6f 2c 20 66 75 6d 2c 0a 49 20 73 6d 65 6c 6c 20 74 68 65 20 62 6c 6f 6f 64 20 6f 66 20 61 6e 20 45 6e 67 6c 69 73 68 6d 61 6e
3a 0a 0a e2 80 9c 46 65 65 2c 20 66 69 2c 20 66 6f 2c 20 66 75 6d 2c 0a 49 20 73 6d 65 6c 6c 20 74 68 65 20 62 6c 6f 6f 64 20 6f 66 20 61 6e 20 45 6e 67 6c 69 73 68 6d 61 6e 21
3a 0a 0a e2 80 9c 46 65 65 2c 20 66 69 2c 20 66 6f 2c 20 66 75 6d 2c 0a 49 20 73 6d 65 6c 6c 20 74 68 65 20 62 6c 6f 6f 64 20 6f 66 20 61 6e 20 45 6e 67 6c 69 73 68 6d 61 6e 21 0a
3a 0a 0a e2 80 9c 46 65 65 2c 20 66 69 2c 20 66 6f 2c 20 66 75 6d 2c 0a 49 20 73 6d 65 6c 6c 20 74 68 65 20 62 6c 6f 6f 64 20 6f 66 20 61 6e 20 45 6e 67 6c 69 73 68 6d 61 6e 21 0a 42 65 20
3a 0a 0a e2 80 9c 46 65 65 2c 20 66 69 2c 20 66 6f 2c 20 66 75 6d 2c 0a 49 20 73 6d 65 6c 6c 20 74 68 65 20 62 6c 6f 6f 64 20 6f 66 20 61 6e 20 45 6e 67 6c 69 73 68 6d 61 6e 21 0a 42 65 20 68 65 20
3a 0a 0a e2 80 9c 46 65 65 2c 20 66 69 2c 20 66 6f 2c 20 66 75 6d 2c 0a 49 20 73 6d 65 6c 6c 20 74 68 65 20 62 6c 6f 6f 64 20 6f 66 20 61 6e 20 45 6e 67 6c 69 73 68 6d 61 6e 21 0a 42 65 20 68 65 20 61 6c
3a 0a 0a e2 80 9c 46 65 65 2c 20 66 69 2c 20 66 6f 2c 20 66 75 6d 2c 0a 49 20 73 6d 65 6c 6c 20 74 68 65 20 62 6c 6f 6f 64 20 6f 66 20 61 6e 20 45 6e 67 6c 69 73 68 6d 61 6e 21 0a 42 65 20 68 65 20 61 6c 69 76 65 20
3a 0a 0a e2 80 9c 46 65 65 2c 20 66 69 2c 20 66 6f 2c 20 66 75 6d 2c 0a 49 20 73 6d 65 6c 6c 20 74 68 65 20 62 6c 6f 6f 64 20 6f 66 20 61 6e 20 45 6e 67 6c 69 73 68 6d 61 6e 21 0a 42 65 20 68 65 20 61 6c 69 76 65 20 6f 72
3a 0a 0a e2 80 9c 46 65 65 2c 20 66 69 2c 20 66 6f 2c 20 66 75 6d 2c 0a 49 20 73 6d 65 6c 6c 20 74 68 65 20 62 6c 6f 6f 64 20 6f 66 20 61 6e 20 45 6e 67 6c 69 73 68 6d 61 6e 21 0a 42 65 20 68 65 20 61 6c 69 76 65 20 6f 72 20 62 65 20
3a 0a 0a e2 80 9c 46 65 65 2c 20 66 69 2c 20 66 6f 2c 20 66 75 6d 2c 0a 49 20 73 6d 65 6c 6c 20 74 68 65 20 62 6c 6f 6f 64 20 6f 66 20 61 6e 20 45 6e 67 6c 69 73 68 6d 61 6e 21 0a 42 65 20 68 65 20 61 6c 69 76 65 20 6f 72 20 62 65 20 68 65 20 64
3a 0a 0a e2 80 9c 46 65 65 2c 20 66 69 2c 20 66 6f 2c 20 66 75 6d 2c 0a 49 20 73 6d 65 6c 6c 20 74 68 65 20 62 6c 6f 6f 64 20 6f 66 20 61 6e 20 45 6e 67 6c 69 73 68 6d 61 6e 21 0a 42 65 20 68 65 20 61 6c 69 76 65 20 6f 72 20 62 65 20 68 65 20 64 65 61
3a 0a 0a e2 80 9c 46 65 65 2c 20 66 69 2c 20 66 6f 2c 20 66 75 6d 2c 0a 49 20 73 6d 65 6c 6c 20 74 68 65 20 62 6c 6f 6f 64 20 6f 66 20 61 6e 20 45 6e 67 6c 69 73 68 6d 61 6e 21 0a 42 65 20 68 65 20 61 6c 69 76 65 20 6f 72 20 62 65 20 68 65 20 64 65 61 64
3a 0a 0a e2 80 9c 46 65 65 2c 20 66 69 2c 20 66 6f 2c 20 66 75 6d 2c 0a 49 20 73 6d 65 6c 6c 20 74 68 65 20 62 6c 6f 6f 64 20 6f 66 20 61 6e 20 45 6e 67 6c 69 73 68 6d 61 6e 21 0a 42 65 20 68 65 20 61 6c 69 76 65 20 6f 72 20 62 65 20 68 65 20 64 65 61 64 2c 0a 49
3a 0a 0a e2 80 9c 46 65 65 2c 20 66 69 2c 20 66 6f 2c 20 66 75 6d 2c 0a 49 20 73 6d 65 6c 6c 20 74 68 65 20 62 6c 6f 6f 64 20 6f 66 20 61 6e 20 45 6e 67 6c 69 73 68 6d 61 6e 21 0a 42 65 20 68 65 20 61 6c 69 76 65 20 6f 72 20 62 65 20 68 65 20 64 65 61 64 2c 0a 49 e2 80 99
3a 0a 0a e2 80 9c 46 65 65 2c 20 66 69 2c 20 66 6f 2c 20 66 75 6d 2c 0a 49 20 73 6d 65 6c 6c 20 74 68 65 20 62 6c 6f 6f 64 20 6f 66 20 61 6e 20 45 6e 67 6c 69 73 68 6d 61 6e 21 0a 42 65 20 68 65 20 61 6c 69 76 65 20 6f 72 20 62 65 20 68 65 20 64 65 61 64 2c 0a 49 e2 80 99 6c 6c 20
3a 0a 0a e2 80 9c 46 65 65 2c 20 66 69 2c 20 66 6f 2c 20 66 75 6d 2c 0a 49 20 73 6d 65 6c 6c 20 74 68 65 20 62 6c 6f 6f 64 20 6f 66 20 61 6e 20 45 6e 67 6c 69 73 68 6d 61 6e 21 0a 42 65 20 68 65 20 61 6c 69 76 65 20 6f 72 20 62 65 20 68 65 20 64 65 61 64 2c 0a 49 e2 80 99 6c 6c 20 67 72
3a 0a 0a e2 80 9c 46 65 65 2c 20 66 69 2c 20 66 6f 2c 20 66 75 6d 2c 0a 49 20 73 6d 65 6c 6c 20 74 68 65 20 62 6c 6f 6f 64 20 6f 66 20 61 6e 20 45 6e 67 6c 69 73 68 6d 61 6e 21 0a 42 65 20 68 65 20 61 6c 69 76 65 20 6f 72 20 62 65 20 68 65 20 64 65 61 64 2c 0a 49 e2 80 99 6c 6c 20 67 72 69 6e 64 20
3a 0a 0a e2 80 9c 46 65 65 2c 20 66 69 2c 20 66 6f 2c 20 66 75 6d 2c 0a 49 20 73 6d 65 6c 6c 20 74 68 65 20 62 6c 6f 6f 64 20 6f 66 20 61 6e 20 45 6e 67 6c 69 73 68 6d 61 6e 21 0a 42 65 20 68 65 20 61 6c 69 76 65 20 6f 72 20 62 65 20 68 65 20 64 65 61 64 2c 0a 49 e2 80 99 6c 6c 20 67 72 69 6e 64 20 68 69 73 20 62
3a 0a 0a e2 80 9c 46 65 65 2c 20 66 69 2c 20 66 6f 2c 20 66 75 6d 2c 0a 49 20 73 6d 65 6c 6c 20 74 68 65 20 62 6c 6f 6f 64 20 6f 66 20 61 6e 20 45 6e 67 6c 69 73 68 6d 61 6e 21 0a 42 65 20 68 65 20 61 6c 69 76 65 20 6f 72 20 62 65 20 68 65 20 64 65 61 64 2c 0a 49 e2 80 99 6c 6c 20 67 72 69 6e 64 20 68 69 73 20 62 6f 6e 65 73
3a 0a 0a e2 80 9c 46 65 65 2c 20 66 69 2c 20 66 6f 2c 20 66 75 6d 2c 0a 49 20 73 6d 65 6c 6c 20 74 68 65 20 62 6c 6f 6f 64 20 6f 66 20 61 6e 20 45 6e 67 6c 69 73 68 6d 61 6e 21 0a 42 65 20 68 65 20 61 6c 69 76 65 20 6f 72 20 62 65 20 68 65 20 64 65 61 64 2c 0a 49 e2 80 99 6c 6c 20 67 72 69 6e 64 20 68 69 73 20 62 6f 6e 65 73 20 74 6f 20
3a 0a 0a e2 80 9c 46 65 65 2c 20 66 69 2c 20 66 6f 2c 20 66 75 6d 2c 0a 49 20 73 6d 65 6c 6c 20 74 68 65 20 62 6c 6f 6f 64 20 6f 66 20 61 6e 20 45 6e 67 6c 69 73 68 6d 61 6e 21 0a 42 65 20 68 65 20 61 6c 69 76 65 20 6f 72 20 62 65 20 68 65 20 64 65 61 64 2c 0a 49 e2 80 99 6c 6c 20 67 72 69 6e 64 20 68 69 73 20 62 6f 6e 65 73 20 74 6f 20 6d 61 6b 65 20
3a 0a 0a e2 80 9c 46 65 65 2c 20 66 69 2c 20 66 6f 2c 20 66 75 6d 2c 0a 49 20 73 6d 65 6c 6c 20 74 68 65 20 62 6c 6f 6f 64 20 6f 66 20 61 6e 20 45 6e 67 6c 69 73 68 6d 61 6e 21 0a 42 65 20 68 65 20 61 6c 69 76 65 20 6f 72 20 62 65 20 68 65 20 64 65 61 64 2c 0a 49 e2 80 99 6c 6c 20 67 72 69 6e 64 20 68 69 73 20 62 6f 6e 65 73 20 74 6f 20 6d 61 6b 65 20 6d 79 20
3a 0a 0a e2 80 9c 46 65 65 2c 20 66 69 2c 20 66 6f 2c 20 66 75 6d 2c 0a 49 20 73 6d 65 6c 6c 20 74 68 65 20 62 6c 6f 6f 64 20 6f 66 20 61 6e 20 45 6e 67 6c 69 73 68 6d 61 6e 21 0a 42 65 20 68 65 20 61 6c 69 76 65 20 6f 72 20 62 65 20 68 65 20 64 65 61 64 2c 0a 49 e2 80 99 6c 6c 20 67 72 69 6e 64 20 68 69 73 20 62 6f 6e 65 73 20 74 6f 20 6d 61 6b 65 20 6d 79 20 62 72 65 61
3a 0a 0a e2 80 9c 46 65 65 2c 20 66 69 2c 20 66 6f 2c 20 66 75 6d 2c 0a 49 20 73 6d 65 6c 6c 20 74 68 65 20 62 6c 6f 6f 64 20 6f 66 20 61 6e 20 45 6e 67 6c 69 73 68 6d 61 6e 21 0a 42 65 20 68 65 20 61 6c 69 76 65 20 6f 72 20 62 65 20 68 65 20 64 65 61 64 2c 0a 49 e2 80 99 6c 6c 20 67 72 69 6e 64 20 68 69 73 20 62 6f 6e 65 73 20 74 6f 20 6d 61 6b 65 20 6d 79 20 62 72 65 61 64
3a 0a 0a e2 80 9c 46 65 65 2c 20 66 69 2c 20 66 6f 2c 20 66 75 6d 2c 0a 49 20 73 6d 65 6c 6c 20 74 68 65 20 62 6c 6f 6f 64 20 6f 66 20 61 6e 20 45 6e 67 6c 69 73 68 6d 61 6e 21 0a 42 65 20 68 65 20 61 6c 69 76 65 20 6f 72 20 62 65 20 68 65 20 64 65 61 64 2c 0a 49 e2 80 99 6c 6c 20 67 72 69 6e 64 20 68 69 73 20 62 6f 6e 65 73 20 74 6f 20 6d 61 6b 65 20 6d 79 20 62 72 65 61 64 21 e2 80 9d
68 69 73 20 77 69 66
66 75 6c 6c
65 69 7a
64 6f 77 6e 20 74 68 65 20 62 65 61 6e 73 74 61 6c 6b
67 69 61 6e 74 e2 80 99 73 20
62 65 66 6f 72 65 20
65 2c
6f 6d 70
68 69 64 69 6e 67
79 65 64 20
20 62 6f
62 65 61 6e
6f 72 65 20
64 61 79 20
67 72 61 74
75 64 65 20
65 20 74 68 61 74 20
68 20
2c 20 74 6f 20
76 65 6e
6d 65 6e 74 20
47 6f
69 6e 63 65 20
31 32
20 69 6e 20 70
65 72 2e 0a 0a
62 65 69 6e 67
20 74 61 6e 6b 65 72 20
6f 61 73 74 20
6f 66 20 56 65 6e 65 7a 75 65 6c 61
2c 20 54 72 75 6d 70
73 65 69
73 65 69 7a 75
73 65 69 7a 75 72 65
44 65 63
44 65 63 65 6d 62
44 65 63 65 6d 62 65 72 20
44 65 63 65 6d 62 65 72 20 31 30
44 65 63 65 6d 62 65 72 20 31 30 2c 20
44 65 63 65 6d 62 65 72 20 31 30 2c 20 32 30 32
44 65 63 65 6d 62 65 72 20 31 30 2c 20 32 30 32 35
6f 69 6c 20 74 61 6e 6b
6f 69 6c 20 74 61 6e 6b 65 72
53 74
61 74 65 73
56 65 6e 65 7a 75 65 6c 61 2e 0a 0a 54 68 65 20
44 6f 6e 61 6c
44 6f 6e 61 6c 64 20
44 6f 6e 61 6c 64 20 54 72 75 6d 70
20 61 6e 64 20 74 68 65 20
6d 65 72 69 63
2e 0a 0a 22
74 20 6f 66 20
72 6f 62
72 6f 75 6e 64
72 6f 75 6e 64 74
72 6f 75 6e 64 74 61 62 6c 65 20
74 61 6e 6b
6c 61 72 67
65 73 74 20
65 64 2c 20 61
61 6c 6c 79
68 61 70 70
74 69 6e 75
6b 73 20
72 65 66
72 65 64
73 6f 75 72 63
72 6f 75 6e 64 20
62 61
72 65 73 73 65 64 20
70 68
77 68 61 74 20
73 68 69 70
65 6c 79 20
6b 6e 6f 77 6e
65 72 76
74 73 20 61
2e 0a 0a 54
4e 6f 62 65 6c 20 50 65 61 63 65 20 50 72 69 7a 65 20
20 61 63 63
20 61 63 63 65 70
77 61 72 64 20
6f 6e 20 68 65 72 20
6f 6e 20 68 65 72 20 62 65
6f 6e 20 68 65 72 20 62 65 68 61
6f 6e 20 68 65 72 20 62 65 68 61 6c
6f 6e 20 68 65 72 20 62 65 68 61 6c 66
69 74 6f 72
4d 61 72 c3 ad 61 20 43 6f 72 69 6e 61 20
64 61 75 67 68 74 65 72 20
6f 66 20 74
67 69 76 65 20
68 65 72 20 6d 6f 74 68 65 72
63 65 72 65 6d 6f 6e 79
6f 70 70 6f 73 69 74 69 6f 6e 20
6f 70 70 6f 73 69 74 69 6f 6e 20 6c 65 61
6f 70 70 6f 73 69 74 69 6f 6e 20 6c 65 61 64 65 72
2c 20 77 68 6f 20
6d 65 73 73 61 67 65 20
75 67 67
63 68 69
61 63 79
20 74 77 6f 20 79 65 61 72
4d 73 20
4d 73 20 53 6f 73 61
61 75 64 69 65 6e 63
20 74 68 69 6e
20 74 68 69 6e 6b
2e 22 0a 0a 53
56 65 6e 65 7a 75 65 6c 61 6e
69 6d 70 6c 65 20
61 72 64
73 20 61 6c
61 72 65 20
75 62 6c
75 62 6c 69 63
20 61 74
64 69 6e 67 20
20 74 72 61 76 65 6c
74 65 6e
72 65 63
20 77 69 6c 6c 20 62 65 20
20 61 6e 64 20 74
45 61 72
72 69 67 67
70 72 6f 74
20 61 73 20 70
63 6f 75 6e 74 72
65 64 20 69 6e 20 74 68 65 20
76 69 64
63 69
61 6c 20 6d
65 72 73 20
73 70 65 63
20 77 61 6e 74
6f 6c 64 20 74 68 65 20 42 42 43
55 53 20
73 20 69 6e 20 74 68 65 20
20 74 72 61 66 66
20 74 72 61 66 66 69 63 6b
6f 62
77 6f 72 6c 64 20
73 6d
43 68 61 72
43 68 61 72 6c 69
3a 20 22 59 6f 75
73 69 63 6b
43 42 53 20 4e 65 77 73
22 48
6f 77 6e 20 68 61
79 6f 75 72
6f 64 65 72
66 6f 72 6d 20
45 54
65 65 70 2c 0a
65 2c 0a
48 6f 77 20 49 20 77 6f 6e 64 65 72 20 77 68 61 74 20 79 6f 75 20 61 72 65 2e 0a
2c 0a 4c
69 6e 20 74 68 65 20 73 6b 79 2e 0a 0a
69 6e 67 20 73
68 69 6e 65 73 20
72 65 73 75 6c
74 20 3d 20
66 22
7d 20
7d 20 69 73
6d 79 5f 6c 69
29 20 20
65 6c 65 6d 65 6e 74
6d 79 5f 64
69 63 61 6c 6c 79 20
6f 70 65 72 61 74 69 6f 6e 73 20
69 74 61 6c 20
79 73 74
79 73 74 65 6d
69 6e 63 6c
69 70 68 65 72
69 70 68 65 72 61 6c 20
6f 70 65 72 61 74 69 6f 6e
6f 66 20 63 6f 6d 70 75 74 65 72
64 75 73 74
64 75 73 74 72 69
63 6f 6e 74 72
63 6f 6e 74 72 6f 6c
73 75 63 68
74 65 72 6e
6f 6c 75 74
6f 6c 75 74 69 6f 6e
20 74 72 61 6e 73 69
20 74 72 61 6e 73 69 73 74 6f 72
31 39
72 6f 63 65 73 73 69 6e 67 20
79 70
70 75 74 20
54 68 72 65 65 20 42 65 61 72 73 2c 20
20 74 6f 67 65 74 68 65 72
69 6e 20 61
20 77 61 73 20 61 20
2e 20 54 68 65 79 20
65 61 63 68 20 68 61 64 20 61
20 74 68 65 69 72 20 70 6f 72 72 69 64 67 65
47 72 65 61 74 2c 20 48 75 67 65 20 42 65 61 72 2e 20 41 6e 64
47 72 65 61 74 2c 20 48 75 67 65 20 42 65 61 72 2e 20 41 6e 64 20 74 68 65 79 20
3b 20 61 20 6c 69 74 74 6c 65 20
4c 69 74 74 6c 65 2c 20 53 6d 61 6c 6c 2c 20 57 65 65 20 42 65 61 72 3b 20 61 6e 64 20 61 20 6d 69 64 64 6c 65 2d 73 69 7a 65 64 20
4d 69 64 64 6c 65 20 42 65 61 72 3b 20 61 6e 64 20
4d 69 64 64 6c 65 20 42 65 61 72 3b 20 61 6e 64 20 61 20 67 72 65 61 74 20
64 61 79 2c 20 61
66 74 65 72
6d 61 64
65 64 20 69 74 20
73 2c 20 74 68 65 79 20
61 6c 6b 65 64 20
6f 20 74 68 65 20 77
6f 20 74 68 65 20 77 6f 6f 64 20
77 68 69 6c 65 20 74 68 65 20
63 6f 6f 6c
69 6e 67 2c
20 74 68 61 74 20 74 68 65 79 20
6d 69 67 68 74 20
6d 69 67 68 74 20 6e 6f 74 20
20 74 68 65 69 72 20 6d
6f 75 74 68
73 2c 20 62
74 68 65 79 20
2e 20 53 68 65 20
63 6f 75 6c 64 20
6b 65 79
68 6f
69 6e 67 20 6e
6c 69 66
74 65 64 20 74 68 65 20
20 77 61 73 20 6e 6f 74 20
62 65 63 61 75 73 65 20 74 68 65 20
77 65 72 65 20 67 6f 6f 64 20
77 65 72 65 20 67 6f 6f 64 20 42 65 61 72
20 61 6e 79 20
68 61 72 6d
70 65 63 74 65 64
20 61 6e 79
6c 69 74 74 6c 65 20 6f 6c 64 20 57 6f 6d 61 6e 20
6c 65 61 73 65 64 20
77 68 65 6e 20 73 68 65 20 73 61 77
77 68 65 6e 20 73 68 65 20 73 61 77 20 74 68 65 20
61 62 6c 65
2e 20 49
77 6f 75 6c 64 20 68 61 76 65 20
77 61 69 74
63 61 6d 65 20
73 2d
61 20 6c 69 74 74 6c 65 20
20 6f 72
20 73 6f
6e 65 72 20
64 65 6e
74 2c 20 62
68 65 6c 70 69 6e 67 20
68 65 72 73 65 6c 66
2e 0a 0a 53
74 61 73 74
74 61 73 74 65 64 20 74 68 65 20
74 61 73 74 65 64 20 74 68 65 20 70 6f 72 72 69 64 67 65 20
68 6f 74 20
66 6f 72 20 68 65 72 3b 20 61 6e 64 20 73 68 65 20
66 6f 72 20 68 65 72 3b 20 61 6e 64 20 73 68 65 20 73 61 69 64 20
66 6f 72 20 68 65 72 3b 20 61 6e 64 20 73 68 65 20 73 61 69 64 20 61 20 62 61 64 20 77 6f 72 64 20 61 62
66 6f 72 20 68 65 72 3b 20 61 6e 64 20 73 68 65 20 73 61 69 64 20 61 20 62 61 64 20 77 6f 72 64 20 61 62 6f 75 74 20 74 68 61 74
6f 66 20 74 68 65 20 4d 69 64 64 6c 65 20 42 65 61 72 2c 20 61 6e 64 20 74 68 61 74 20 77 61 73 20 74 6f 6f 20
65 6e 74 20 74 6f 20 74 68 65 20
65 64 20 74 68 61 74
20 61 6e 64 20 74 68 61 74 20
6e 6f 72 20 74 6f 6f 20
63 6f 6c
69 74 20 61 6c 6c 20
69 74 20 61 6c 6c 20 75 70
6e 61 75 67 68 74 79 20 6f 6c 64 20 57 6f 6d 61 6e 20 73 61 69 64 20
70 6f 72 72 69 64 67 65 2d 70 6f 74
70 6f 72 72 69 64 67 65 2d 70 6f 74 2c 20
62 65 63 61 75 73 65 20
65 6e 6f 75 67 68
2e 0a 0a 54 68 65 6e 20 74 68 65 20 6c 69 74 74 6c 65 20 6f 6c 64 20 57 6f 6d 61 6e
68 61 72 64 20
66 6f 72 20 68 65 72 2e 20 41 6e 64 20 74 68 65 6e 20 73 68 65 20 73
66 6f 72 20 68 65 72 2e 20 41 6e 64 20 74 68 65 6e 20 73 68 65 20 73 61 74 65 20 64 6f 77 6e 20 69 6e 20 74 68 65 20 63 68 61 69 72 20 6f 66 20 74 68 65 20
73 6f 66
2c 20 61 6e 64 20 74 68 61 74 20 77 61 73 20 6e 65 69 74 68 65 72 20 74 6f 6f 20
62 75 74 20 6a 75 73 74 20 72 69 67 68 74 2e 20 53
62 75 74 20 6a 75 73 74 20 72 69 67 68 74 2e 20 53 6f 20
62 75 74 20 6a 75 73 74 20 72 69 67 68 74 2e 20 53 6f 20 73 68 65 20
2c 20 61 6e 64 20 74 68 65 72 65 20
65 20 74 69 6c 6c
74 6f 6d
65 20 6f 75 74
65 2c 20 70
75 70 6f 6e 20 74 68 65 20
67 72 6f 75 6e
69 63 6b 65 64 20
75 70 73 74 61
75 70 73 74 61 69 72
75 70 73 74 61 69 72 73 20
75 70 73 74 61 69 72 73 20 69 6e 74 6f
74 68 72 65 65 20 42 65 61 72
6f 66 20 74 68 65 20 47 72 65 61 74 2c 20 48 75 67 65 20 42 65 61 72 3b
6f 66 20 74 68 65 20 47 72 65 61 74 2c 20 48 75 67 65 20 42 65 61 72 3b 20 62
68 69 67 68 20 61 74 20 74 68 65 20 68 65 61 64 20
66 6f 6f 74
76 65 72 65 64 20
68 65 72 73 65 6c 66 20
20 63 6f 6d
20 63 6f 6d 66 6f 72 74
2c 20 61 6e 64 20 6c 61
2e 0a 0a 42
2e 0a 0a 42 79
73 20 74 68 6f 75 67 68
73 74 61 6e 64 69 6e 67
65 2e 0a 0a 27 53 6f 6d 65 62 6f 64 79 20 68 61 73 20 62 65 65 6e
65 2e 0a 0a 27 53 6f 6d 65 62 6f 64 79 20 68 61 73 20 62 65 65 6e 20 61 74 20 6d 79 20 70 6f 72 72 69 64 67 65
77 68 65 6e 20 74 68 65 20
20 6c 6f 6f 6b 65 64 20 61
20 6c 6f 6f 6b 65 64 20 61 74 20
20 6c 6f 6f 6b 65 64 20 61 74 20 68 69
73 70 6f 6f 6e
20 73 70
70 75 74
68 65 72 20 70
67 6f 6e
65 61 74 65 6e 20
73 65 65 69 6e 67 20 74 68 61 74 20
73 6f 6d 65
73 6f 6d 65 6f 6e 65 20
65 64 20 74 68 65 69 72 20
75 70 20 74 68 65 20
62 65 67 61 6e 20 74 6f 20
6c 6f 6f 6b
20 61 62 6f 75 74
63 75 73 68 69
63 75 73 68 69 6f 6e 20
72 6f 73
21 27 0a 0a 73 61 69 64 20 74 68 65 20 47 72 65 61 74 2c 20 48 75 67 65 20 42 65 61 72 2c 20 69 6e 20 68 69 73 20 67 72 65 61 74 2c 20 72 6f 75 67 68 2c 20 67 72 75 66 66 20 76 6f 69 63 65 2e 0a 0a
21 27 0a 0a 73 61 69 64 20 74 68 65 20 47 72 65 61 74 2c 20 48 75 67 65 20 42 65 61 72 2c 20 69 6e 20 68 69 73 20 67 72 65 61 74 2c 20 72 6f 75 67 68 2c 20 67 72 75 66 66 20 76 6f 69 63 65 2e 0a 0a 41 6e
21 27 0a 0a 73 61 69 64 20 74 68 65 20 47 72 65 61 74 2c 20 48 75 67 65 20 42 65 61 72 2c 20 69 6e 20 68 69 73 20 67 72 65 61 74 2c 20 72 6f 75 67 68 2c 20 67 72 75 66 66 20 76 6f 69 63 65 2e 0a 0a 41 6e 64 20 74 68 65 20
21 27 0a 0a 73 61 69 64 20 74 68 65 20 47 72 65 61 74 2c 20 48 75 67 65 20 42 65 61 72 2c 20 69 6e 20 68 69 73 20 67 72 65 61 74 2c 20 72 6f 75 67 68 2c 20 67 72 75 66 66 20 76 6f 69 63 65 2e 0a 0a 41 6e 64 20 74 68 65 20 6c 69 74 74 6c 65 20 6f 6c 64 20 57 6f 6d 61 6e 20 68 61 64 20
21 27 0a 0a 73 61 69 64 20 74 68 65 20 4d 69 64 64 6c 65 20 42 65 61 72 2c 20 69 6e 20 68 69 73 20
21 27 0a 0a 73 61 69 64 20 74 68 65 20 4d 69 64 64 6c 65 20 42 65 61 72 2c 20 69 6e 20 68 69 73 20 6d
21 27 0a 0a 73 61 69 64 20 74 68 65 20 4d 69 64 64 6c 65 20 42 65 61 72 2c 20 69 6e 20 68 69 73 20 6d 69 64 64 6c 65 20 76 6f 69 63 65 2e 0a 0a
21 27 0a 0a 73 61 69 64 20 74 68 65 20 4d 69 64 64 6c 65 20 42 65 61 72 2c 20 69 6e 20 68 69 73 20 6d 69 64 64 6c 65 20 76 6f 69 63 65 2e 0a 0a 41 6e 64 20
6b 6e 6f 77
6e 65 63
61 72 79
66 75 72 74
20 74 68 65 69 72 20 62 65 64 2d 63 68 61 6d 62 65 72
70 75 6c 6c
20 6f 75 74 20 6f 66 20 69 74 73 20 70 6c 61 63
20 6f 75 74 20 6f 66 20 69 74 73 20 70 6c 61 63 65 2e 0a 0a 27 53 6f 6d 65 62 6f 64 79 20 68 61 73 20 62 65 65 6e 20 6c 79 69 6e 67 20 69 6e 20 6d 79 20 62
20 6f 75 74 20 6f 66 20 69 74 73 20 70 6c 61 63 65 2e 0a 0a 27 53 6f 6d 65 62 6f 64 79 20 68 61 73 20 62 65 65 6e 20 6c 79 69 6e 67 20 69 6e 20 6d 79 20 62 65 64
20 74 68 65 20 62 6f 6c 73 74 65 72
68 65 61 72 64 20
69 6e 67 20 6f 66
6f 72 20 74 68 65 20
20 74 68 75 6e 64 65 72
68 65 61 72 64 20 74 68 65 20
2c 20 62 75 74 20
73 70 65 61
73 70 65 61 6b
65 6e 65 64 20
54 68 72 65 65 20 42 65 61 72 73 20
73 68 65 20 74
75 6d 62 6c 65 64 20
73 20 61 73
77 61 79 73 20
20 77 68 65 6e
6d 6f 72 6e 69 6e 67
2e 20 4f
6a 75 6d 70
77 68 65 74 68 65 72
77 68 65 74 68 65 72 20 73 68 65 20
62 72 6f
66 61 6c 6c
20 69 6e 74
3b 20 6f 72
68 65 72 20 77 61
20 62 79 20 74 68 65 20
48 6f 75 73
72 65 63 74
66 6f 72 20 61 20
76 61
20 61 73 20 73 68 65 20
73 2c 20 49
6e 6f 74 20 74
20 73 61 77
6f 72 65 20 6f 66 20
6f 6f 72
20 77 69 64
6f 77 20 61 6e 64 20
2c 20 4a 61 63 6b e2 80 99 73 20
20 74 6f 6c 64 20
65 20 74 68 65
65 20 74 68 65 69 72
6c 65 66 74
2c 20 4a 61 63 6b 20 6d
20 77 68 6f 20
20 62 65 61 6e
62 72
4a 61 63 6b 20
77 68 65 6e 20
2e 20 e2 80 9c 59 6f 75
69 73 68
e2 80 99 76 65 20
65 72 2c 20 73 68 65 20
20 74 68 65 20 62 65 61 6e 73 20
6f 75 74 20 74 68 65 20 77 69 6e 64 6f 77
65 6e 74 20 74 6f 20
65 6e 20 61 6e 64 20 68
57 68 65 6e 20
65 2c 20 4a 61 63 6b
6e 69 67 68 74
63 6c 6f 75
63 6c 6f 75 64
2c 20 68 65 20
20 74 6f 20 63 6c 69 6d 62
68 69 67
75 6e 74 69 6c 20 68 65 20
73 74 72 61 6e 67 65 20
73 6f 6d 65 20
6c 69 6d 62 65 64 20
2e e2 80 9d 20
2e e2 80 9d 20 54 68 65 20
2e 20 54 68 65 20 67 69 61 6e 74 20
69 6e 67 20 68 6f 6d 65
73 74 6f
65 64 20 74 68 72 6f 75 67 68
65 64 20 74 68 72 6f 75 67 68 20 74 68 65 20
3a 0a 0a e2 80 9c 46 65 65 2c 20 66 69 2c 20 66 6f 2c 20 66 75 6d 2c 0a 49 20 73 6d 65 6c 6c 20 74 68 65 20 62 6c 6f 6f 64 20 6f 66 20 61 6e 20 45 6e 67 6c 69 73 68 6d 61 6e 21 0a 42 65 20 68 65 20 61 6c 69 76 65 20 6f 72 20 62 65 20 68 65 20 64 65 61 64 2c 0a 49 e2 80 99 6c 6c 20 67 72 69 6e 64 20 68 69 73 20 62 6f 6e 65 73 20 74 6f 20 6d 61 6b 65 20 6d 79 20 62 72 65 61 64 21 e2 80 9d 0a 0a e2 80 9c
3a 0a 0a e2 80 9c 46 65 65 2c 20 66 69 2c 20 66 6f 2c 20 66 75 6d 2c 0a 49 20 73 6d 65 6c 6c 20 74 68 65 20 62 6c 6f 6f 64 20 6f 66 20 61 6e 20 45 6e 67 6c 69 73 68 6d 61 6e 21 0a 42 65 20 68 65 20 61 6c 69 76 65 20 6f 72 20 62 65 20 68 65 20 64 65 61 64 2c 0a 49 e2 80 99 6c 6c 20 67 72 69 6e 64 20 68 69 73 20 62 6f 6e 65 73 20 74 6f 20 6d 61 6b 65 20 6d 79 20 62 72 65 61 64 21 e2 80 9d 0a 0a e2 80 9c 44 6f 6e
3a 0a 0a e2 80 9c 46 65 65 2c 20 66 69 2c 20 66 6f 2c 20 66 75 6d 2c 0a 49 20 73 6d 65 6c 6c 20 74 68 65 20 62 6c 6f 6f 64 20 6f 66 20 61 6e 20 45 6e 67 6c 69 73 68 6d 61 6e 21 0a 42 65 20 68 65 20 61 6c 69 76 65 20 6f 72 20 62 65 20 68 65 20 64 65 61 64 2c 0a 49 e2 80 99 6c 6c 20 67 72 69 6e 64 20 68 69 73 20 62 6f 6e 65 73 20 74 6f 20 6d 61 6b 65 20 6d 79 20 62 72 65 61 64 21 e2 80 9d 0a 0a e2 80 9c 44 6f 6e e2 80 99
3a 0a 0a e2 80 9c 46 65 65 2c 20 66 69 2c 20 66 6f 2c 20 66 75 6d 2c 0a 49 20 73 6d 65 6c 6c 20 74 68 65 20 62 6c 6f 6f 64 20 6f 66 20 61 6e 20 45 6e 67 6c 69 73 68 6d 61 6e 21 0a 42 65 20 68 65 20 61 6c 69 76 65 20 6f 72 20 62 65 20 68 65 20 64 65 61 64 2c 0a 49 e2 80 99 6c 6c 20 67 72 69 6e 64 20 68 69 73 20 62 6f 6e 65 73 20 74 6f 20 6d 61 6b 65 20 6d 79 20 62 72 65 61 64 21 e2 80 9d 0a 0a e2 80 9c 44 6f 6e e2 80 99 74 20
3a 0a 0a e2 80 9c 46 65 65 2c 20 66 69 2c 20 66 6f 2c 20 66 75 6d 2c 0a 49 20 73 6d 65 6c 6c 20 74 68 65 20 62 6c 6f 6f 64 20 6f 66 20 61 6e 20 45 6e 67 6c 69 73 68 6d 61 6e 21 0a 42 65 20 68 65 20 61 6c 69 76 65 20 6f 72 20 62 65 20 68 65 20 64 65 61 64 2c 0a 49 e2 80 99 6c 6c 20 67 72 69 6e 64 20 68 69 73 20 62 6f 6e 65 73 20 74 6f 20 6d 61 6b 65 20 6d 79 20 62 72 65 61 64 21 e2 80 9d 0a 0a e2 80 9c 44 6f 6e e2 80 99 74 20 62 65 20
20 73 61 69 64 20 68 69 73 20 77 69 66
68 65 72 65
41 66 74 65 72 20
65 61 6c
20 73 61 63 6b
20 77 69 74 68 20
67 6f 6c 64 20
20 63 61
66 65 6c 6c 20 61 73 6c 65 65 70
20 63 72 65
20 63 72 65 70
20 63 72 65 70 74 20
67 6f 6c 64
64 6f 77 6e 20 74 68 65 20 62 65 61 6e 73 74 61 6c 6b 2e 20 48
64 6f 77 6e 20 74 68 65 20 62 65 61 6e 73 74 61 6c 6b 2e 20 48 69 73 20
64 6f 77 6e 20 74 68 65 20 62 65 61 6e 73 74 61 6c 6b 2e 20 48 69 73 20 6d 6f 74 68 65 72
6c 69 76 65 20
63 65 20 6d 6f 72
67 69 61 6e 74 e2 80 99 73 20 77 69 66
67 61 76 65 20 68 69 6d 20 66
2e 20 42 75 74 20 62 65 66 6f 72 65 20
66 69 6e
6f 6f 6b
67 61 69 6e 2c 20
6f 74 68
4c 61
57 68 65 6e 20 74 68 65 20
64 65 6c
62 65 74 74 65 72 20
63 61 73 74
65 2c 20 74 68 6f 75 67 68
2c 20 74 68 65 20 67 69 61 6e 74 20
66 6c
69 67 68 74 2c 20
70 6c 61
79 65 64 20 6d
75 73 69 63
73 65 6c 66
6d 61 73 74 65 72
65 21 e2 80 9d
65 21 e2 80 9d 20
77 6f
6c 65 64 20
20 63 6c
72 6d
73 2e 0a 0a 41 73 20
73 77
75 6e 67
75 6e 74 69 6c 20 74 68 65 20
61 73 68
65 64 20 66 72 6f 6d
64 65 61
46 72 6f 6d
6c 69 76 65 64 20 69 6e
20 61 6e 64 20 70 65 61
20 61 6e 64 20 70 65 61 63
66 75 6c 6c 20
77 65 20
76 65 6e 74
6c 69 76 65 73 20
3a 36
3a 36 0a
3a 36 0a 36
3a 36 0a 36 20
67 6f 76 65 72
67 6f 76 65 72 6e
6f 75 6c
20 43
6c 61 73 74
65 61 63
20 69 6e 20 68
72 61 79
77 6f 72 6b
20 63 61 72 72 79 20
6f 6d 70 6c 65
6f 6d 70 6c 65 74
20 73 65 69 7a
20 74 61 6e 6b 65 72 20 6f 66 66
2c 20 54 72 75 6d 70 20 73 61
0a 54 68 65 20
55 2e 53 2e 20 43
55 2e 53 2e 20 43 6f 61 73 74 20
55 2e 53 2e 20 43 6f 61 73 74 20 47
55 2e 53 2e 20 43 6f 61 73 74 20 47 75 61 72
55 2e 53 2e 20 43 6f 61 73 74 20 47 75 61 72 64 20
55 2e 53 2e 20 43 6f 61 73 74 20 47 75 61 72 64 20 63 6f 6e
55 2e 53 2e 20 43 6f 61 73 74 20 47 75 61 72 64 20 63 6f 6e 64 75 63 74
55 2e 53 2e 20 43 6f 61 73 74 20 47 75 61 72 64 20 63 6f 6e 64 75 63 74 65 64 20 74 68 65 20
55 2e 53 2e 20 43 6f 61 73 74 20 47 75 61 72 64 20 63 6f 6e 64 75 63 74 65 64 20 74 68 65 20 73 65 69 7a 75 72 65
65 73 20 73 61 69 64
0a 44 65 63 65 6d 62 65 72 20 31 30 2c 20 32 30 32 35
2c 20 34
20 50 4d
20 61 6e 6e
20 61 6e 6e 6f 75 6e
20 61 6e 6e 6f 75 6e 63
56 65 6e 65 7a 75 65 6c 61 6e 20
69 72 65 64 20
56 61 6e
64 69 73 63 75 73
64 69 73 63 75 73 73
65 73 20 74 68 65 20
6c 69 63
20 73 68 65 20 73 61 69 64 20
65 6e 73 69 6f 6e 73 20
65 6e 73 69 6f 6e 73 20 62 65 74 77 65
65 6e 73 69 6f 6e 73 20 62 65 74 77 65 65 6e 20 74 68 65 20
55 6e
55 6e 69 74 65 64 20
55 6e 69 74 65 64 20 53 74
55 6e 69 74 65 64 20 53 74 61 74 65 73
73 65 69 7a 65 64 20 61
63 6f 61 73 74 20
63 6f 61 73 74 20 6f 66 20 56 65 6e 65 7a 75 65 6c 61
50 72 65 73 69 64 65 6e 74 20 44 6f 6e 61 6c 64 20 54 72 75 6d 70
6f 6e 20 57
6f 6e 20 57 65 64
6f 6e 20 57 65 64 6e
6f 6e 20 57 65 64 6e 65 73
6d 69 6e
2e 0a 0a 22 49
74 27 73 20
27 76 65 20
2c 22 20 54 72 75 6d 70
20 61 20 72 6f 75 6e 64 74 61 62 6c 65 20
57 68 69 74
57 68 69 74 65 20
4c 61 72
4c 61 72 67 65 20
74 61 6e 6b 65 72
6c 61 72 67 65 73 74 20
79 6f 75 27
79 6f 75 27 6c 6c
20 77 69 74 68 20 73
20 70 65 6f 70 6c 65
74 69 6e 75 65 64
20 45
0a 0a 54 68 65 20
72 65 66 65 72
20 74 6f 20 61 73
56 4c
56 4c 43
56 4c 43 43
73 6f 75 72 63 65 73
20 4e 65 77
72 6f 75 6e 64 20 32
69 6c 6c 69 6f 6e
61 72 72 65
2c 20 61 63 63
6f 72 64 69 6e 67
65 76 65 6e
66 6f 72 20 22
73 20 77 6f 75 6c 64 20 62 65 20
57 68 65 6e
77 69 6c 6c 20
6c 69 6b
20 69 74
72 65 73 70
65 72 76 65 73 20
77 6f 72 6c 64
6f 69 6c 20 65 78
6f 69 6c 20 65 78 70 6f 72
6d 61 69 6e
6e 27
6e 27 74 20
65 72 65 64 20
64 75 72 69 6e 67 20
72 65 73 73 75 72
70 61
70 61 69 67
70 61 69 67 6e
4e 69 63
4e 69 63 6f 6c
72 65 67 69
72 65 67 69 6d
72 65 67 69 6d 65 20
64 65 76 65 6c
64 65 76 65 6c 6f 70
6c 65 61 73
27 73 20 64 61 75 67 68 74 65 72
27 73 20 64 61 75 67 68 74 65 72 20 61 63 63 65 70
77 61 72 64 20 6f 6e 20 68 65 72 20 62 65 68 61 6c 66
67 6f
63 68 73
41 6d 65 72 69 63
65 64 69 74 6f 72
65 0a 0a
4d 61 72 c3 ad 61 20 43 6f 72 69 6e 61 20 4d 61 63 68 61 64 6f
27 73 20 4e 6f 62 65 6c 20 50 65 61 63 65 20 50 72 69 7a
68 65 72 20 6d 6f 74 68 65 72 20
67 69 76 65 20 75 70
69 6e 20 4f 73 6c 6f
2c 20 77 68 6f 20 68 61 73 20
79 69 6e 67
4e 6f 72 77 65
4e 6f 72 77 65 67 69 61 6e
43 69 74 79 20
43 69 74 79 20 48
41 6e 61 20 43 6f 72 69 6e 61 20
41 6e 61 20 43 6f 72 69 6e 61 20 53 6f 73 61
6c 65 63 74
4e 6f 62 65 6c 20 49 6e
4e 6f 62 65 6c 20 49 6e 73 74 69 74 75 74
65 20 61
65 20 61 77 61 72
65 20 61 77 61 72 64 65 64 20
70 72 69 7a 65 20
74 6f
63 68 69 65
65 66 75 6c
64 65 6d
64 65 6d 6f
64 65 6d 6f 63 72
64 65 6d 6f 63 72 61 63 79
77 65 6e 74 20 69 6e 74 6f 20
20 61 66 74 65 72 20
72 65 73 69 64 65 6e 74
65 6c 65 63 74 69 6f 6e
68 65 72 2c 20 74 6f 20
61 63 65 20
73 20 77 68 6f 20
2e 22 0a 0a 53 68 65 20
73 70 65
65 63 68
61 6c 6c 20 69 6e 20
73 74 72 65 65 74
73 74 72 65 65 74 73 20
3a 20 22 41
67 72 61 6e
22 42
75 73 65 20
66 72 65
66 72 65 65 64
66 72 65 65 64 6f 6d
2e 20 57 65 20
2e 20 57 65 20 61 72 65 20
2e 20 57 65 20 61 72 65 20 72 65 74 75 72 6e
69 6e 67 20 74 6f 20
76 65 73
4d 61 63 68 61 64 6f 20 77 61 73 20
73 65 65 6e
73 65 65 6e 20 69 6e 20 70
73 65 65 6e 20 69 6e 20 70 75 62 6c 69 63
6f 6e 20 39
6f 6e 20 39 20
6f 6e 20 39 20 4a
6f 6e 20 39 20 4a 61 6e
6f 6e 20 39 20 4a 61 6e 75 61 72
6d 65 6d 62
6d 65 6d 62 65 72
6d 65 6d 62 65 72 73 20 6f 66 20
4e 6f 72 77 61 79
75 6c 61 74 69 6f 6e
77 6f 75 6c 64 20 62 65 20 61 62 6c 65 20
79 20 61
3a 20 22 49
69 6e 73 74 69 74 75 74
73 6f 6d
73 6f 6d 65 74
72 6f 77
20 2d
6d 6f 6e 67
27 73
6c 64 72
68 65 72 20 73 75 70 70 6f 72 74 65 72
70 72 6f 74 65 73 74
69 6e 74 65 72 6e 61 74 69 6f 6e
30 30
6d 61 6e 61
6d 61 6e 61 67
6d 61 6e 61 67 65 64 20 74 6f 20
68 69 64 69 6e 67 20
6f 66 20 61 72
76 69 64 65
66 6f 6c 6c 6f 77
67 61 6c
61 6c 20 73
6c 61 6e
6c 65 61 76 65 20
6d 65 61 6e
6c 65 66 74 20
73 69 6e 67
65 64 20 74 68 61 74 20
70 72 6f 62
70 72 6f 62 6c 65
64 64 69 6e 67
6f 6d 6d
6f 6d 6d 69 74 74
6f 6d 6d 69 74 74 65
70 65 61 63 65 20
6c 69 67 68 74
61 67 65
61 67 65 22
64 65 73
73 22 2e 0a 0a
66 6f 72 20 68 65 72 20 74 6f 20 62 65 20
65 76 65 72 79
73 20 74 6f 20
20 68 61 73 20
20 68 61 73 20 62 65 65 6e 20
72 61 6d
73 20 61 6c 73 6f 20
73 74 72 69 6b
73 74 72 69 6b 65 73 20
73 74 72 69 6b 65 73 20 6f 6e
73 74 72 69 6b 65 73 20 6f 6e 20 62 6f
73 74 72 69 6b 65 73 20 6f 6e 20 62 6f 61 74
73 74 72 69 6b 65 73 20 6f 6e 20 62 6f 61 74 73 20 69 6e 20 74 68 65 20
73 74 72 69 6b 65 73 20 6f 6e 20 62 6f 61 74 73 20 69 6e 20 74 68 65 20 43 61 72
73 74 72 69 6b 65 73 20 6f 6e 20 62 6f 61 74 73 20 69 6e 20 74 68 65 20 43 61 72 69
73 74 72 69 6b 65 73 20 6f 6e 20 62 6f 61 74 73 20 69 6e 20 74 68 65 20 43 61 72 69 62
73 74 72 69 6b 65 73 20 6f 6e 20 62 6f 61 74 73 20 69 6e 20 74 68 65 20 43 61 72 69 62 62 65 61 6e
20 61 72 65 20
72 75 67
73 20 6f 66
6b 69 6c 6c
63 72 65
6f 6c 64 20 74 68 65 20 42 42 43 20 74 68 61 74 20
61 62 6f 75 74 20 74 68 65 20
20 61 6c
20 61 6c 73 6f
71 75 65 73 74
65 64 20 62 79 20
6c 61 77
20 74 72 61 66 66 69 63 6b 69 6e 67 2c 20
73 6d 75 67 67
68 75 6d
68 75 6d 61 6e
45 72 69 6b
45 72 69 6b 61 20
45 72 69 6b 61 20 4b 69 72 6b
70 65 6f 70
70 65 6f 70 6c 65 20
61 74 65 64 20
68 75 73 62 61 6e 64 20
73 61 73
73 61 73 73
73 61 73 73 69 6e
73 61 73 73 69 6e 61 74 69 6f 6e
3a 20 22 59 6f 75 27
3a 20 22 59 6f 75 27 72 65 20
3a 20 22 59 6f 75 27 72 65 20 73 69 63 6b
20 2f
20 2f 20
73 20 61 20 6d
68 75 73 62 61 6e
20 74 6f 77 6e 20 68 61
53 61 74 75 72
68 65 20 64 65 73
3f 20 54
73 61 76
43 42 53 20 4e 65 77 73 20
6f 72 69
65 73 20 74 68 61 74 20
74 68 20 61 6e 64 20
53 61 62
53 61 62 62
53 61 62 62 61 74
2c 20 77 68 69 63 68 20
63 75
2c 20 22
64 61 79 20 61 74 20
38 20 70 2e 6d
2e 20 45 54
76 65 72 73
2e 2c 20
6c 61 7a
61 76 65 20
65 73 20 73
65 73 20 73 69 72
2c 0a 54 68
4f 6e 65 20 66 6f 72 20 74 68 65 20
48 6f 77 20 49 20 77 6f 6e 64 65 72 20 77 68 61 74 20 79 6f 75 20 61 72 65 2e 0a 55 70
48 6f 77 20 49 20 77 6f 6e 64 65 72 20 77 68 61 74 20 79 6f 75 20 61 72 65 2e 0a 55 70 20 61
48 6f 77 20 49 20 77 6f 6e 64 65 72 20 77 68 61 74 20 79 6f 75 20 61 72 65 2e 0a 55 70 20 61 62 6f
48 6f 77 20 49 20 77 6f 6e 64 65 72 20 77 68 61 74 20 79 6f 75 20 61 72 65 2e 0a 55 70 20 61 62 6f 76 65 20
48 6f 77 20 49 20 77 6f 6e 64 65 72 20 77 68 61 74 20 79 6f 75 20 61 72 65 2e 0a 55 70 20 61 62 6f 76 65 20 74 68 65 20
48 6f 77 20 49 20 77 6f 6e 64 65 72 20 77 68 61 74 20 79 6f 75 20 61 72 65 2e 0a 55 70 20 61 62 6f 76 65 20 74 68 65 20 77 6f 72 6c 64 20
48 6f 77 20 49 20 77 6f 6e 64 65 72 20 77 68 61 74 20 79 6f 75 20 61 72 65 2e 0a 55 70 20 61 62 6f 76 65 20 74 68 65 20 77 6f 72 6c 64 20 73 6f 20
48 6f 77 20 49 20 77 6f 6e 64 65 72 20 77 68 61 74 20 79 6f 75 20 61 72 65 2e 0a 55 70 20 61 62 6f 76 65 20 74 68 65 20 77 6f 72 6c 64 20 73 6f 20 68 69 67 68
48 6f 77 20 49 20 77 6f 6e 64 65 72 20 77 68 61 74 20 79 6f 75 20 61 72 65 2e 0a 55 70 20 61 62 6f 76 65 20 74 68 65 20 77 6f 72 6c 64 20 73 6f 20 68 69 67 68 2c 0a 4c
48 6f 77 20 49 20 77 6f 6e 64 65 72 20 77 68 61 74 20 79 6f 75 20 61 72 65 2e 0a 55 70 20 61 62 6f 76 65 20 74 68 65 20 77 6f 72 6c 64 20 73 6f 20 68 69 67 68 2c 0a 4c 69
48 6f 77 20 49 20 77 6f 6e 64 65 72 20 77 68 61 74 20 79 6f 75 20 61 72 65 2e 0a 55 70 20 61 62 6f 76 65 20 74 68 65 20 77 6f 72 6c 64 20 73 6f 20 68 69 67 68 2c 0a 4c 69 6b 65 20
48 6f 77 20 49 20 77 6f 6e 64 65 72 20 77 68 61 74 20 79 6f 75 20 61 72 65 2e 0a 55 70 20 61 62 6f 76 65 20 74 68 65 20 77 6f 72 6c 64 20 73 6f 20 68 69 67 68 2c 0a 4c 69 6b 65 20 61 20
48 6f 77 20 49 20 77 6f 6e 64 65 72 20 77 68 61 74 20 79 6f 75 20 61 72 65 2e 0a 55 70 20 61 62 6f 76 65 20 74 68 65 20 77 6f 72 6c 64 20 73 6f 20 68 69 67 68 2c 0a 4c 69 6b 65 20 61 20 64 69
48 6f 77 20 49 20 77 6f 6e 64 65 72 20 77 68 61 74 20 79 6f 75 20 61 72 65 2e 0a 55 70 20 61 62 6f 76 65 20 74 68 65 20 77 6f 72 6c 64 20 73 6f 20 68 69 67 68 2c 0a 4c 69 6b 65 20 61 20 64 69 61 6d
48 6f 77 20 49 20 77 6f 6e 64 65 72 20 77 68 61 74 20 79 6f 75 20 61 72 65 2e 0a 55 70 20 61 62 6f 76 65 20 74 68 65 20 77 6f 72 6c 64 20 73 6f 20 68 69 67 68 2c 0a 4c 69 6b 65 20 61 20 64 69 61 6d 6f 6e
48 6f 77 20 49 20 77 6f 6e 64 65 72 20 77 68 61 74 20 79 6f 75 20 61 72 65 2e 0a 55 70 20 61 62 6f 76 65 20 74 68 65 20 77 6f 72 6c 64 20 73 6f 20 68 69 67 68 2c 0a 4c 69 6b 65 20 61 20 64 69 61 6d 6f 6e 64 20
48 6f 77 20 49 20 77 6f 6e 64 65 72 20 77 68 61 74 20 79 6f 75 20 61 72 65 2e 0a 55 70 20 61 62 6f 76 65 20 74 68 65 20 77 6f 72 6c 64 20 73 6f 20 68 69 67 68 2c 0a 4c 69 6b 65 20 61 20 64 69 61 6d 6f 6e 64 20 69 6e 20 74 68 65 20 73 6b 79 2e 0a 0a
75 6e 20
75 6e 20 69 73 20
79 6f 75 72 20
74 72 61 76
74 72 61 76 65 6c 6c
74 72 61 76 65 6c 6c 65 72
74 72 61 76 65 6c 6c 65 72 20 69 6e 20 74 68 65 20
74 72 61 76 65 6c 6c 65 72 20 69 6e 20 74 68 65 20 64 61 72 6b
69 6e 79 20
69 6e 79 20 73 70
69 6e 79 20 73 70 61 72 6b
46 6f 72 20
54 77 69 6e 6b 6c 65 2c 20 74 77 69 6e 6b 6c 65 2c 20 6c 69 74 74 6c 65 20 73 74 61 72 2e 0a
22 48 65 6c 6c
22 48 65 6c 6c 6f
22 48 65 6c 6c 6f 2c 20
57 6f 72
21 22
29 0a 0a 6e 75 6d
6e 75 6d 32
73 75 6d 5f
73 75 6d 5f 72 65 73 75 6c
3a 0a 20 20 20 20 70 72 69 6e 74 28 66 22
3a 0a 20 20 20 20 70 72 69 6e 74 28 66 22 7b 6e 75 6d
3a 0a 20 20 20 20 70 72 69 6e 74 28 66 22 7b 6e 75 6d 7d 20 69 73
3a 0a 20 20 20 20 70 72 69 6e 74 28 66 22 7b 6e 75 6d 7d 20 69 73 20 61 6e 20
6e 75 6d 62
6e 75 6d 62 65 72
6e 75 6d 62 65 72 2e 22
29 0a
64 64 20
6d 79 5f 6c 69 73 74
29 20 20 23
29 20 20 23 20 41
22 6e 61 6d
22 6e 61 6d 65 22
6d 79 5f 64 69 63 74
6d 79 5f 64 69 63 74 5b
20 63 6f 75 6e
67 72 65 65 74
67 72 65 65 74 28
6e 61 6d 65
65 64 69 61
63 6f 6e 73 75 6d
2c 20 73 65 65 20
65 72 73 6f 6e
65 72 73 6f 6e 61 6c
65 72 73 6f 6e 61 6c 20 63 6f 6d 70 75 74 65 72
20 28
61 74 69 6f 6e 29
20 63 6f 6d 70 75 74 65 72 20
72 6f 67 72
72 6f 67 72 61 6d
20 74 6f 20 61 75 74
20 74 6f 20 61 75 74 6f 6d
61 74 69 63 61 6c 6c 79 20
71 75 65 6e 63
69 74 68 6d
69 74 68 6d 65 74
69 74 68 6d 65 74 69 63
6c 6f 67
6c 6f 67 69 63 61 6c 20
6f 64 65 72 6e
64 69 67
64 69 67 69 74 61 6c 20
64 69 67 69 74 61 6c 20 65 6c 65 63 74 72
64 69 67 69 74 61 6c 20 65 6c 65 63 74 72 6f 6e
64 69 67 69 74 61 6c 20 65 6c 65 63 74 72 6f 6e 69 63
67 65 6e
65 6e 61 62 6c 65 20
63 6f 6d 70 75 74 65 72
70 65 72 66 6f 72 6d
61 73 6b
20 73 79 73 74 65 6d
20 74 6f 20 61 20
65 20 63 6f 6d 70 75 74 65 72
77 61 72 65
75 73 65 64 20
75 6e 63 74
61 6c 20 61 6e 64 20
73 70 65 63 69
73 70 65 63 69 61 6c
2d 70 75 72
2d 70 75 72 70 6f 73
2d 70 75 72 70 6f 73 65 20
2d 70 75 72 70 6f 73 65 20 64 65 76 69 63 65 73 20
73 2c 20 61 6e 64 20
6f 72 79 20
64 75 73 74 72 69 61 6c 20
73 75 63 68 20 61 73 20
45 61 72 6c 79 20
73 20 77 65 72 65 20
73 20 68 61 76 65 20
20 63 61 6c 63 75 6c 61 74 69 6f 6e 73 20
52 65 76
52 65 76 6f 6c 75 74 69 6f 6e
61 63 68 69 6e 65 73 20
65 61 72 6c 79 20
2e 20 54 68 65 20 66 69 72 73 74 20
73 65 6d 69 63
73 65 6d 69 63 6f 6e
73 65 6d 69 63 6f 6e 64 75 63 74
73 65 6d 69 63 6f 6e 64 75 63 74 6f 72
6c 61 74 65 20 31 39
4d 4f
4d 4f 53
63 68 69 70
6c 65 61 64 69 6e 67
6c 65 61 64 69 6e 67 20 74 6f 20 74 68 65 20
72 6f 70
72 6f 70 72 6f 63 65 73 73
72 6f 70 72 6f 63 65 73 73 6f 72
63 72 65 61
29 2c 20
70 72 6f 63 65 73 73 69 6e 67 20
2c 20 74 79 70
75 6e 69 74 20
20 6d 65 6d
66 6f 72 6d 61 74 69 6f 6e
2e 20 50 65 72
2e 20 50 65 72 69 70 68 65 72 61 6c 20
70 75 74 20 64 65 76 69 63 65 73 20
70 75 74 20 64 65 76 69 63 65 73 20 28
73 2c 20 65 74
73 2c 20 65 74 63
73 2c 20 65 74 63 2e
72 65 74 72 69
72 65 74 72 69 65 76
